{
	"class_name" : "PoseGraph",
	"edges" : 
	[
		{
			"class_name" : "PoseGraphEdge",
			"confidence" : 0.99999999999999112,
			"information" : 
			[
				130378.63256082698,
				1000.1263117939037,
				-20838.236811289255,
				0.0,
				-132022.0330145359,
				2631.5615426887457,
				1000.1263117939037,
				132467.12818293768,
				-2118.5587274739305,
				132022.0330145359,
				0.0,
				-22624.107948932604,
				-20838.236811289255,
				-2118.5587274739305,
				13340.971152097498,
				-2631.5615426887457,
				22624.107948932604,
				0.0,
				0.0,
				132022.0330145359,
				-2631.5615426887457,
				139860.0,
				0.0,
				0.0,
				-132022.0330145359,
				0.0,
				22624.107948932604,
				0.0,
				139860.0,
				0.0,
				2631.5615426887457,
				-22624.107948932604,
				0.0,
				0.0,
				0.0,
				139860.0
			],
			"source_node_id" : 0,
			"target_node_id" : 1,
			"transformation" : 
			[
				0.99450644372313224,
				0.090582588834886318,
				0.052456915589259176,
				0.0,
				-0.090260893898186867,
				0.99588209967661112,
				-0.0084743481403626603,
				0.0,
				-0.053008531632832409,
				0.0036929857397155394,
				0.99858723075676148,
				0.0,
				0.019661219849110144,
				-0.026609770771166011,
				-0.00041461006246411259,
				1.0
			],
			"uncertain" : true,
			"version_major" : 1,
			"version_minor" : 0
		},
		{
			"class_name" : "PoseGraphEdge",
			"confidence" : 0.99999999999997935,
			"information" : 
			[
				150886.99570547743,
				1316.547848543511,
				-22565.357470221992,
				0.0,
				-152183.58608371019,
				7188.5078240186022,
				1316.547848543511,
				154828.68913195303,
				-6467.5651532274578,
				152183.58608371019,
				0.0,
				-24753.991193341502,
				-22565.357470221992,
				-6467.5651532274578,
				17514.893923280306,
				-7188.5078240186022,
				24753.991193341502,
				0.0,
				0.0,
				152183.58608371019,
				-7188.5078240186022,
				160919.0,
				0.0,
				0.0,
				-152183.58608371019,
				0.0,
				24753.991193341502,
				0.0,
				160919.0,
				0.0,
				7188.5078240186022,
				-24753.991193341502,
				0.0,
				0.0,
				0.0,
				160919.0
			],
			"source_node_id" : 1,
			"target_node_id" : 2,
			"transformation" : 
			[
				0.99991821680744197,
				0.012764210369193032,
				0.00079663685404201558,
				0.0,
				-0.012762816044735021,
				0.99991705282827437,
				-0.0017314704231230534,
				0.0,
				-0.00081867162799686001,
				0.0017211614883214364,
				0.99999818368829796,
				0.0,
				0.0077012686318478976,
				-0.0022716491310473307,
				0.002136086126170706,
				1.0
			],
			"uncertain" : true,
			"version_major" : 1,
			"version_minor" : 0
		},
		{
			"class_name" : "PoseGraphEdge",
			"confidence" : 0.99999999999995626,
			"information" : 
			[
				145996.64962967229,
				1624.0058509849362,
				-22604.000273822094,
				0.0,
				-146998.35704475641,
				6185.402838477914,
				1624.0058509849362,
				150078.72570772513,
				-5548.6609234404896,
				146998.35704475641,
				0.0,
				-24709.045104310346,
				-22604.000273822094,
				-5548.6609234404896,
				17302.081023126801,
				-6185.402838477914,
				24709.045104310346,
				0.0,
				0.0,
				146998.35704475641,
				-6185.402838477914,
				155215.0,
				0.0,
				0.0,
				-146998.35704475641,
				0.0,
				24709.045104310346,
				0.0,
				155215.0,
				0.0,
				6185.402838477914,
				-24709.045104310346,
				0.0,
				0.0,
				0.0,
				155215.0
			],
			"source_node_id" : 2,
			"target_node_id" : 3,
			"transformation" : 
			[
				0.99991409988364199,
				0.013039641490372339,
				-0.0013268774207644556,
				0.0,
				-0.013039414161960309,
				0.99991496705388339,
				0.00017983309519283008,
				0.0,
				0.0013291095515576554,
				-0.00016251594327752736,
				0.9999991035277831,
				0.0,
				0.0051789397654181616,
				-0.009804729910434332,
				0.0012356476217654083,
				1.0
			],
			"uncertain" : true,
			"version_major" : 1,
			"version_minor" : 0
		},
		{
			"class_name" : "PoseGraphEdge",
			"confidence" : 0.99999999999993561,
			"information" : 
			[
				150910.57741031682,
				1718.5670378795714,
				-23010.861608818894,
				0.0,
				-151606.7960216403,
				5509.8960694021343,
				1718.5670378795714,
				154597.17021967605,
				-4898.5402987951438,
				151606.7960216403,
				0.0,
				-25066.109683570823,
				-23010.861608818894,
				-4898.5402987951438,
				17368.128042306871,
				-5509.8960694021343,
				25066.109683570823,
				0.0,
				0.0,
				151606.7960216403,
				-5509.8960694021343,
				159726.0,
				0.0,
				0.0,
				-151606.7960216403,
				0.0,
				25066.109683570823,
				0.0,
				159726.0,
				0.0,
				5509.8960694021343,
				-25066.109683570823,
				0.0,
				0.0,
				0.0,
				159726.0
			],
			"source_node_id" : 3,
			"target_node_id" : 4,
			"transformation" : 
			[
				0.99999945884392827,
				-0.00099615782198098405,
				0.00029996906676857968,
				0.0,
				0.00099620350208995336,
				0.99999949221102713,
				-0.00015217184185033322,
				0.0,
				-0.00029981732727704197,
				0.00015247058973646258,
				0.9999999434311444,
				0.0,
				-0.0015748855038059699,
				-0.0093416330923951144,
				0.0022333877245614758,
				1.0
			],
			"uncertain" : true,
			"version_major" : 1,
			"version_minor" : 0
		},
		{
			"class_name" : "PoseGraphEdge",
			"confidence" : 0.99999999999992584,
			"information" : 
			[
				152432.57408674536,
				1674.1738409433963,
				-20405.775364914269,
				0.0,
				-153295.332077384,
				7198.0215683332226,
				1674.1738409433963,
				155619.68337560786,
				-6461.467112091329,
				153295.332077384,
				0.0,
				-22221.736898306277,
				-20405.775364914269,
				-6461.467112091329,
				16891.318721361771,
				-7198.0215683332226,
				22221.736898306277,
				0.0,
				0.0,
				153295.332077384,
				-7198.0215683332226,
				161576.0,
				0.0,
				0.0,
				-153295.332077384,
				0.0,
				22221.736898306277,
				0.0,
				161576.0,
				0.0,
				7198.0215683332226,
				-22221.736898306277,
				0.0,
				0.0,
				0.0,
				161576.0
			],
			"source_node_id" : 4,
			"target_node_id" : 5,
			"transformation" : 
			[
				0.99977952157032568,
				0.012042427171393899,
				0.017201401001984098,
				0.0,
				-0.011995071815477237,
				0.99992398493829748,
				-0.0028535236556810448,
				0.0,
				-0.017234456787230991,
				0.0026465624749207901,
				0.99984797304706075,
				0.0,
				-0.0019180768534795025,
				-0.006879869920433837,
				-0.0014106315880008109,
				1.0
			],
			"uncertain" : true,
			"version_major" : 1,
			"version_minor" : 0
		},
		{
			"class_name" : "PoseGraphEdge",
			"confidence" : 0.99999999999994138,
			"information" : 
			[
				165109.51207376434,
				2012.1745721086982,
				-19178.488080514231,
				0.0,
				-165834.18906527758,
				8727.7708805662733,
				2012.1745721086982,
				169166.35214497842,
				-7871.0547923829563,
				165834.18906527758,
				0.0,
				-21005.60443715056,
				-19178.488080514231,
				-7871.0547923829563,
				18987.680256505693,
				-8727.7708805662733,
				21005.60443715056,
				0.0,
				0.0,
				165834.18906527758,
				-8727.7708805662733,
				174614.0,
				0.0,
				0.0,
				-165834.18906527758,
				0.0,
				21005.60443715056,
				0.0,
				174614.0,
				0.0,
				8727.7708805662733,
				-21005.60443715056,
				0.0,
				0.0,
				0.0,
				174614.0
			],
			"source_node_id" : 5,
			"target_node_id" : 6,
			"transformation" : 
			[
				0.99993608802342993,
				0.0020111338400990567,
				0.011125430736695734,
				0.0,
				-0.0019859654439039909,
				0.99999544509238447,
				-0.0022728254969680965,
				0.0,
				-0.011129951017656133,
				0.0022505855152065617,
				0.99993552744923664,
				0.0,
				0.0015211911989738969,
				-0.0016939711749472417,
				-0.00040402034271648952,
				1.0
			],
			"uncertain" : true,
			"version_major" : 1,
			"version_minor" : 0
		},
		{
			"class_name" : "PoseGraphEdge",
			"confidence" : 0.99999999999995537,
			"information" : 
			[
				171364.99317764939,
				2284.7114904590012,
				-15991.898975083604,
				0.0,
				-172223.63899862766,
				9801.2174254859765,
				2284.7114904590012,
				175643.66933068313,
				-8814.282453335094,
				172223.63899862766,
				0.0,
				-17638.854591162697,
				-15991.898975083604,
				-8814.282453335094,
				19873.710051843107,
				-9801.2174254859765,
				17638.854591162697,
				0.0,
				0.0,
				172223.63899862766,
				-9801.2174254859765,
				181495.0,
				0.0,
				0.0,
				-172223.63899862766,
				0.0,
				17638.854591162697,
				0.0,
				181495.0,
				0.0,
				9801.2174254859765,
				-17638.854591162697,
				0.0,
				0.0,
				0.0,
				181495.0
			],
			"source_node_id" : 6,
			"target_node_id" : 7,
			"transformation" : 
			[
				0.99982171267637032,
				0.01521150991141295,
				0.0111871724355142,
				0.0,
				-0.015199191309965736,
				0.99988378302460035,
				-0.0011853387431431499,
				0.0,
				-0.011203903088210196,
				0.001015091438206082,
				0.99993671907024184,
				0.0,
				-0.0026229967614437725,
				0.00100576057886932,
				-0.0029575655785188185,
				1.0
			],
			"uncertain" : true,
			"version_major" : 1,
			"version_minor" : 0
		},
		{
			"class_name" : "PoseGraphEdge",
			"confidence" : 0.99999999999997091,
			"information" : 
			[
				179161.33653407646,
				2422.670655128285,
				-13903.714893181696,
				0.0,
				-180302.06001639366,
				10579.556458939631,
				2422.670655128285,
				184236.84291058191,
				-9449.7652317850079,
				180302.06001639366,
				0.0,
				-15486.101648394344,
				-13903.714893181696,
				-9449.7652317850079,
				21253.188285995813,
				-10579.556458939631,
				15486.101648394344,
				0.0,
				0.0,
				180302.06001639366,
				-10579.556458939631,
				190199.0,
				0.0,
				0.0,
				-180302.06001639366,
				0.0,
				15486.101648394344,
				0.0,
				190199.0,
				0.0,
				10579.556458939631,
				-15486.101648394344,
				0.0,
				0.0,
				0.0,
				190199.0
			],
			"source_node_id" : 7,
			"target_node_id" : 8,
			"transformation" : 
			[
				0.99989871073797476,
				0.013191270659025641,
				0.0053440287177321391,
				0.0,
				-0.013164945396510254,
				0.99990117641391041,
				-0.0049316953256837281,
				0.0,
				-0.0054085559294990279,
				0.0048608419516373291,
				0.99997355951959066,
				0.0,
				0.00032476163524837432,
				0.00061095582805090296,
				-0.0027090301796304597,
				1.0
			],
			"uncertain" : true,
			"version_major" : 1,
			"version_minor" : 0
		},
		{
			"class_name" : "PoseGraphEdge",
			"confidence" : 0.99999999999998401,
			"information" : 
			[
				185716.18714550824,
				2584.5333823154065,
				-10865.915131747628,
				0.0,
				-187212.16204351187,
				9170.523637259972,
				2584.5333823154065,
				192098.03122858869,
				-8078.8103901123432,
				187212.16204351187,
				0.0,
				-12367.625942399913,
				-10865.915131747628,
				-8078.8103901123432,
				22333.421812743367,
				-9170.523637259972,
				12367.625942399913,
				0.0,
				0.0,
				187212.16204351187,
				-9170.523637259972,
				197367.0,
				0.0,
				0.0,
				-187212.16204351187,
				0.0,
				12367.625942399913,
				0.0,
				197367.0,
				0.0,
				9170.523637259972,
				-12367.625942399913,
				0.0,
				0.0,
				0.0,
				197367.0
			],
			"source_node_id" : 8,
			"target_node_id" : 9,
			"transformation" : 
			[
				0.99999183896713062,
				0.0023627279568660467,
				0.0032771200370063105,
				0.0,
				-0.0023603664675707872,
				0.99999695204003591,
				-0.00072427948826253249,
				0.0,
				-0.0032788213238711338,
				0.00071653837314826583,
				0.99999436793588303,
				0.0,
				-0.0052869805479948094,
				-0.00059704635363648961,
				-0.0015493810273246196,
				1.0
			],
			"uncertain" : true,
			"version_major" : 1,
			"version_minor" : 0
		},
		{
			"class_name" : "PoseGraphEdge",
			"confidence" : 0.99999999999999289,
			"information" : 
			[
				193188.34373484785,
				2758.1111067055604,
				-9143.1533298832783,
				0.0,
				-194695.07299160957,
				10370.100314820858,
				2758.1111067055604,
				199956.84909288803,
				-9176.9059440746278,
				194695.07299160957,
				0.0,
				-10519.389491324935,
				-9143.1533298832783,
				-9176.9059440746278,
				23465.256194181882,
				-10370.100314820858,
				10519.389491324935,
				0.0,
				0.0,
				194695.07299160957,
				-10370.100314820858,
				205249.0,
				0.0,
				0.0,
				-194695.07299160957,
				0.0,
				10519.389491324935,
				0.0,
				205249.0,
				0.0,
				10370.100314820858,
				-10519.389491324935,
				0.0,
				0.0,
				0.0,
				205249.0
			],
			"source_node_id" : 9,
			"target_node_id" : 10,
			"transformation" : 
			[
				0.99997320518889865,
				0.0052937818373405493,
				0.0050561623879729206,
				0.0,
				-0.0052963467536840348,
				0.99998585222252467,
				0.00049403021271806518,
				0.0,
				-0.0050534755663453682,
				-0.00052079616452149985,
				0.99998709549476139,
				0.0,
				0.0024984106475565739,
				0.0001078239086607648,
				-0.00065334983374658892,
				1.0
			],
			"uncertain" : true,
			"version_major" : 1,
			"version_minor" : 0
		},
		{
			"class_name" : "PoseGraphEdge",
			"confidence" : 0.99999999999999822,
			"information" : 
			[
				201731.1897029042,
				3386.261918461596,
				-8928.2070260037526,
				0.0,
				-202718.1790291667,
				8894.5850145629647,
				3386.261918461596,
				209279.41635707789,
				-7764.3337127815475,
				202718.1790291667,
				0.0,
				-10275.440117320715,
				-8928.2070260037526,
				-7764.3337127815475,
				25322.884064030353,
				-8894.5850145629647,
				10275.440117320715,
				0.0,
				0.0,
				202718.1790291667,
				-8894.5850145629647,
				213270.0,
				0.0,
				0.0,
				-202718.1790291667,
				0.0,
				10275.440117320715,
				0.0,
				213270.0,
				0.0,
				8894.5850145629647,
				-10275.440117320715,
				0.0,
				0.0,
				0.0,
				213270.0
			],
			"source_node_id" : 10,
			"target_node_id" : 11,
			"transformation" : 
			[
				0.99999741946192888,
				0.0015337415796412214,
				0.0016759195237467332,
				0.0,
				-0.0015335794309156562,
				0.99999881926114342,
				-9.8032891835716048e-05,
				0.0,
				-0.0016760679020458107,
				9.5462483148618649e-05,
				0.99999859084065779,
				0.0,
				-0.00062949094219910521,
				-0.0020569786780746408,
				0.0012036510463324177,
				1.0
			],
			"uncertain" : true,
			"version_major" : 1,
			"version_minor" : 0
		}
	],
	"nodes" : 
	[
		{
			"class_name" : "PoseGraphNode",
			"pose" : 
			[
				0.69897930228010652,
				0.24548691217232682,
				-0.67168756164969323,
				0.0,
				-0.022610590239981992,
				0.94635321764233415,
				0.32234189287241544,
				0.0,
				0.71478440090203943,
				-0.21012303141527724,
				0.66703196559146605,
				0.0,
				-1.3235249675937633,
				-0.4765024111719296,
				1.1068908449928978,
				1.0
			],
			"version_major" : 1,
			"version_minor" : 0
		},
		{
			"class_name" : "PoseGraphNode",
			"pose" : 
			[
				0.65929064820158367,
				0.16985793370742658,
				-0.73245081230430054,
				0.0,
				0.04343757681033112,
				0.96391708184935465,
				0.26263469671229361,
				0.0,
				0.75063244144985131,
				-0.20496845601723371,
				0.62812334879880571,
				0.0,
				-1.3350203049017197,
				-0.45427735400379593,
				1.128540753093586,
				1.0
			],
			"version_major" : 1,
			"version_minor" : 0
		},
		{
			"class_name" : "PoseGraphNode",
			"pose" : 
			[
				0.65806788228417668,
				0.15770954112645452,
				-0.73625704176929996,
				0.0,
				0.053141287904351193,
				0.96565243468075923,
				0.25434489748114431,
				0.0,
				0.75108102757755379,
				-0.20650182246539406,
				0.62708401251973445,
				0.0,
				-1.3415718752125907,
				-0.45285712936962541,
				1.1334490900482654,
				1.0
			],
			"version_major" : 1,
			"version_minor" : 0
		},
		{
			"class_name" : "PoseGraphNode",
			"pose" : 
			[
				0.65831678169119145,
				0.14482997788472851,
				-0.7386767631361425,
				0.0,
				0.061595724740687592,
				0.96766034008943769,
				0.24462089194867703,
				0.0,
				0.75021665274104066,
				-0.20653733486640019,
				0.62810618166023535,
				0.0,
				-1.3453042682279552,
				-0.44386424843931604,
				1.1388968968284163,
				1.0
			],
			"version_major" : 1,
			"version_minor" : 0
		},
		{
			"class_name" : "PoseGraphNode",
			"pose" : 
			[
				0.65815297074473067,
				0.14585579807032301,
				-0.73862089141523635,
				0.0,
				0.061054347863199049,
				0.96748406293721023,
				0.24545244480097622,
				0.0,
				0.75040460970159495,
				-0.20664123751217545,
				0.62784742783585401,
				0.0,
				-1.3453732702622367,
				-0.43413504467071307,
				1.1386242546119938,
				1.0
			],
			"version_major" : 1,
			"version_minor" : 0
		},
		{
			"class_name" : "PoseGraphNode",
			"pose" : 
			[
				0.64434281225148793,
				0.13777994081166139,
				-0.75222277082071742,
				0.0,
				0.070961520588360014,
				0.96862006424157376,
				0.2382007155272913,
				0.0,
				0.76143735650491651,
				-0.20686175540211615,
				0.6143463505249156,
				0.0,
				-1.3425749727145688,
				-0.42749848224440673,
				1.1396867387329257,
				1.0
			],
			"version_major" : 1,
			"version_minor" : 0
		},
		{
			"class_name" : "PoseGraphNode",
			"pose" : 
			[
				0.63568603545261571,
				0.13814984574693068,
				-0.75948532143256919,
				0.0,
				0.073970791335525005,
				0.96842716511148674,
				0.23806951555338868,
				0.0,
				0.76839549174193178,
				-0.20751716185922531,
				0.60539662077714551,
				0.0,
				-1.3431061544287262,
				-0.42615189051275448,
				1.1414898595708662,
				1.0
			],
			"version_major" : 1,
			"version_minor" : 0
		},
		{
			"class_name" : "PoseGraphNode",
			"pose" : 
			[
				0.62583945020351384,
				0.12573090553523578,
				-0.76975112349668706,
				0.0,
				0.084411978543275479,
				0.9702054185024892,
				0.22710352073230461,
				0.0,
				0.77537065077641221,
				-0.20710652275552988,
				0.59657968004244466,
				0.0,
				-1.3392562136003154,
				-0.42741034176156928,
				1.1410067561353576,
				1.0
			],
			"version_major" : 1,
			"version_minor" : 0
		},
		{
			"class_name" : "PoseGraphNode",
			"pose" : 
			[
				0.62047119986290999,
				0.1140656153589123,
				-0.77588955153290162,
				0.0,
				0.09642824551034701,
				0.97076136327310425,
				0.21982700735869731,
				0.0,
				0.77827831109648837,
				-0.21121396091556946,
				0.59133036994862453,
				0.0,
				-1.3374082116007642,
				-0.42861259957938863,
				1.1427263181326446,
				1.0
			],
			"version_major" : 1,
			"version_minor" : 0
		},
		{
			"class_name" : "PoseGraphNode",
			"pose" : 
			[
				0.61768673242550021,
				0.11246586533942279,
				-0.77834092813765365,
				0.0,
				0.098451650143377589,
				0.97087655686906993,
				0.21841686447780256,
				0.0,
				0.78023741222711773,
				-0.21154211496998704,
				0.58862516823097466,
				0.0,
				-1.3328748192794926,
				-0.42776605007302665,
				1.1396536253674512,
				1.0
			],
			"version_major" : 1,
			"version_minor" : 0
		},
		{
			"class_name" : "PoseGraphNode",
			"pose" : 
			[
				0.61320586103918095,
				0.10838977692295146,
				-0.78245146730897963,
				0.0,
				0.10131382994201182,
				0.97156835403161512,
				0.21398687444019798,
				0.0,
				0.78339908523114754,
				-0.21049112883774043,
				0.58479007717534048,
				0.0,
				-1.3339059305809697,
				-0.42827910477078818,
				1.1419674914744382,
				1.0
			],
			"version_major" : 1,
			"version_minor" : 0
		},
		{
			"class_name" : "PoseGraphNode",
			"pose" : 
			[
				0.61173588745816565,
				0.10725231754239203,
				-0.78375775246788115,
				0.0,
				0.10232900425811048,
				0.97171335144621196,
				0.2128423795308414,
				0.0,
				0.78441572270866788,
				-0.21040444052015728,
				0.58345695829467181,
				0.0,
				-1.334254513309014,
				-0.42595952844752843,
				1.1412096479252276,
				1.0
			],
			"version_major" : 1,
			"version_minor" : 0
		}
	],
	"version_major" : 1,
	"version_minor" : 0
}